 33, 22, 35, 35, 25, 21, 11, 53, 35, 54, 41, 44, 41, 44, 32, 35, 15,
       32, 43, 43, 25, 33, 32, 53, 53, 15, 53, 41, 21, 54, 41, 21, 41, 53,
       53, 25, 11, 22, 54, 25, 33, 32, 53, 53, 15, 22, 15, 41, 35, 21, 11,
       15, 32, 43, 21, 44, 41, 55, 45, 43, 11, 21, 32, 42, 22, 34, 52, 45,
       55, 43, 14, 45, 12, 32, 55, 35, 41, 23, 41, 14, 15, 45, 55, 34, 41,
       45, 23, 41, 33, 41, 41, 55, 21, 45, 43, 44, 21, 42, 22, 34, 52, 45,
       55, 33, 32, 53, 53, 21, 11, 33, 11, 35, 25, 54, 25, 55, 22, 21, 15,
       32, 14, 41, 44, 22, 43, 43, 45, 55, 43, 54, 25, 42, 22, 34, 52, 45,
       55, 12, 41, 53, 23, 45, 15, 15, 11, 21, 45, 43, 44, 21, 21, 44, 41,
       25, 34, 11, 22, 53, 35, 33, 22, 14, 15, 21, 53, 45, 52, 41, 43, 14,
       32, 12, 41, 15, 45, 55, 21, 44, 41, 42, 14, 41, 41, 31, 41, 14, 54,
       25, 15, 32, 34, 52, 15, 45, 31, 41, 44, 32, 15, 14, 41, 35, 22, 34,
       41, 35, 21, 41, 55, 42, 11, 53, 35, 32, 55, 35, 21, 44, 41, 35, 11,
       34, 21, 11, 14, 21, 11, 53, 35, 54, 41, 45, 34, 11, 22, 53, 35, 55,
       41, 23, 41, 14, 44, 32, 23, 41, 52, 45, 35, 15, 32, 43, 32, 45, 55,
       32, 55, 35, 21, 11, 21, 11, 12, 45, 21, 32, 53, 53, 11, 42, 42, 54,
       25, 24, 45, 42, 41, 35, 45, 23, 11, 14, 34, 41, 35, 54, 41, 54, 25,
       52, 45, 35, 15, 35, 45, 15, 11, 24, 55, 41, 35, 54, 41, 32, 55, 35,
       54, 25, 35, 32, 35, 33, 41, 32, 21, 54, 41, 24, 45, 21, 44, 32, 12,
       32, 45, 14, 11, 42, 42, 22, 34, 52, 45, 55, 51, 22, 54, 12, 41, 14,
       34, 32, 33, 53, 41, 15

ngppkfaxpyqtqtmpemssknmxxexqfyqfqxxkagyknmxxegeqpfaemsftqzusafmrgowuzsdubmzpqhqdeuzoquhqnqqzfustfrgowuznmxxfanapkykzgfemdqtgssuzsykrgowuzbqxhueeafustfftqkoagxpngdefxuwqsdmbqeuzftqrdqqlqdykemoweulqtmedqpgoqpfqzraxpmzpftqpaofadfaxpyquoagxpzqhqdtmhqwupemsmuzmzpfafabufmxxarryk[ij]urqpuhadoqpyqykwupepuea[ij]zqpyqmzpykpmpnqmfyq[ij]uftmbmudarrgowuzvgybqdomnxqe
